Dynamical matrix file
--                                                                         
  1    2   2  10.2000000   0.0000000   0.0000000   0.0000000   0.0000000   0.0000000
           1  'Si  '    25598.3672898282     
    1    1      0.0000000000      0.0000000000      0.0000000000
    2    1      0.2500000000      0.2500000000      0.2500000000

     Dynamical  Matrix in cartesian axes

     q = (    0.750000000  -0.250000000   0.750000000 ) 

    1    1
  0.25356015  -0.00000000    -0.00638681   0.00934710     0.00655094  -0.00000000
 -0.00638681  -0.00934710     0.30511199  -0.00000000    -0.00638681  -0.00934710
  0.00655094  -0.00000000    -0.00638681   0.00934710     0.25356015  -0.00000000
    1    2
 -0.06164213   0.06344894    -0.04277114   0.04532173    -0.04316673  -0.14279666
 -0.04277114   0.04532173    -0.05954862   0.08282195    -0.04277114   0.04532173
 -0.04316673  -0.14279666    -0.04277114   0.04532173    -0.06164213   0.06344894
    2    1
 -0.06164213  -0.06344894    -0.04277114  -0.04532173    -0.04316673   0.14279666
 -0.04277114  -0.04532173    -0.05954862  -0.08282195    -0.04277114  -0.04532173
 -0.04316673   0.14279666    -0.04277114  -0.04532173    -0.06164213  -0.06344894
    2    2
  0.25356015   0.00000000    -0.00638681  -0.00934710     0.00655094   0.00000000
 -0.00638681   0.00934710     0.30511199   0.00000000    -0.00638681   0.00934710
  0.00655094   0.00000000    -0.00638681  -0.00934710     0.25356015   0.00000000

     Dynamical  Matrix in cartesian axes

     q = (    0.750000000  -0.250000000  -0.750000000 ) 

    1    1
  0.25356015   0.00000000    -0.00638681  -0.00934710    -0.00655094   0.00000000
 -0.00638681   0.00934710     0.30511199   0.00000000     0.00638681  -0.00934710
 -0.00655094   0.00000000     0.00638681   0.00934710     0.25356015   0.00000000
    1    2
 -0.06344894   0.06164213    -0.04532173   0.04277114    -0.14279666  -0.04316673
 -0.04532173   0.04277114    -0.08282195   0.05954862     0.04532173  -0.04277114
 -0.14279666  -0.04316673     0.04532173  -0.04277114    -0.06344894   0.06164213
    2    1
 -0.06344894  -0.06164213    -0.04532173  -0.04277114    -0.14279666   0.04316673
 -0.04532173  -0.04277114    -0.08282195  -0.05954862     0.04532173   0.04277114
 -0.14279666   0.04316673     0.04532173   0.04277114    -0.06344894  -0.06164213
    2    2
  0.25356015   0.00000000    -0.00638681   0.00934710    -0.00655094   0.00000000
 -0.00638681  -0.00934710     0.30511199  -0.00000000     0.00638681   0.00934710
 -0.00655094   0.00000000     0.00638681  -0.00934710     0.25356015   0.00000000

     Dynamical  Matrix in cartesian axes

     q = (   -0.750000000  -0.250000000  -0.750000000 ) 

    1    1
  0.25356015   0.00000000     0.00638681  -0.00934710     0.00655094   0.00000000
  0.00638681   0.00934710     0.30511199   0.00000000     0.00638681   0.00934710
  0.00655094   0.00000000     0.00638681  -0.00934710     0.25356015   0.00000000
    1    2
  0.06344894   0.06164213    -0.04532173  -0.04277114    -0.14279666   0.04316673
 -0.04532173  -0.04277114     0.08282195   0.05954862    -0.04532173  -0.04277114
 -0.14279666   0.04316673    -0.04532173  -0.04277114     0.06344894   0.06164213
    2    1
  0.06344894  -0.06164213    -0.04532173   0.04277114    -0.14279666  -0.04316673
 -0.04532173   0.04277114     0.08282195  -0.05954862    -0.04532173   0.04277114
 -0.14279666  -0.04316673    -0.04532173   0.04277114     0.06344894  -0.06164213
    2    2
  0.25356015  -0.00000000     0.00638681   0.00934710     0.00655094  -0.00000000
  0.00638681  -0.00934710     0.30511199  -0.00000000     0.00638681  -0.00934710
  0.00655094  -0.00000000     0.00638681   0.00934710     0.25356015  -0.00000000

     Dynamical  Matrix in cartesian axes

     q = (   -0.750000000  -0.250000000   0.750000000 ) 

    1    1
  0.25356015   0.00000000     0.00638681   0.00934710    -0.00655094   0.00000000
  0.00638681  -0.00934710     0.30511199  -0.00000000    -0.00638681   0.00934710
 -0.00655094   0.00000000    -0.00638681  -0.00934710     0.25356015   0.00000000
    1    2
 -0.06344894   0.06164213     0.04532173  -0.04277114    -0.14279666  -0.04316673
  0.04532173  -0.04277114    -0.08282195   0.05954862    -0.04532173   0.04277114
 -0.14279666  -0.04316673    -0.04532173   0.04277114    -0.06344894   0.06164213
    2    1
 -0.06344894  -0.06164213     0.04532173   0.04277114    -0.14279666   0.04316673
  0.04532173   0.04277114    -0.08282195  -0.05954862    -0.04532173  -0.04277114
 -0.14279666   0.04316673    -0.04532173  -0.04277114    -0.06344894  -0.06164213
    2    2
  0.25356015   0.00000000     0.00638681  -0.00934710    -0.00655094   0.00000000
  0.00638681   0.00934710     0.30511199   0.00000000    -0.00638681  -0.00934710
 -0.00655094   0.00000000    -0.00638681   0.00934710     0.25356015   0.00000000

     Dynamical  Matrix in cartesian axes

     q = (   -0.750000000   0.250000000  -0.750000000 ) 

    1    1
  0.25356015   0.00000000    -0.00638681  -0.00934710     0.00655094   0.00000000
 -0.00638681   0.00934710     0.30511199   0.00000000    -0.00638681   0.00934710
  0.00655094   0.00000000    -0.00638681  -0.00934710     0.25356015   0.00000000
    1    2
 -0.06164213  -0.06344894    -0.04277114  -0.04532173    -0.04316673   0.14279666
 -0.04277114  -0.04532173    -0.05954862  -0.08282195    -0.04277114  -0.04532173
 -0.04316673   0.14279666    -0.04277114  -0.04532173    -0.06164213  -0.06344894
    2    1
 -0.06164213   0.06344894    -0.04277114   0.04532173    -0.04316673  -0.14279666
 -0.04277114   0.04532173    -0.05954862   0.08282195    -0.04277114   0.04532173
 -0.04316673  -0.14279666    -0.04277114   0.04532173    -0.06164213   0.06344894
    2    2
  0.25356015  -0.00000000    -0.00638681   0.00934710     0.00655094  -0.00000000
 -0.00638681  -0.00934710     0.30511199  -0.00000000    -0.00638681  -0.00934710
  0.00655094  -0.00000000    -0.00638681   0.00934710     0.25356015  -0.00000000

     Dynamical  Matrix in cartesian axes

     q = (   -0.250000000   0.750000000  -0.750000000 ) 

    1    1
  0.30511199   0.00000000    -0.00638681   0.00934710     0.00638681  -0.00934710
 -0.00638681  -0.00934710     0.25356015   0.00000000    -0.00655094  -0.00000000
  0.00638681   0.00934710    -0.00655094  -0.00000000     0.25356015   0.00000000
    1    2
 -0.08282195   0.05954862    -0.04532173   0.04277114     0.04532173  -0.04277114
 -0.04532173   0.04277114    -0.06344894   0.06164213    -0.14279666  -0.04316673
  0.04532173  -0.04277114    -0.14279666  -0.04316673    -0.06344894   0.06164213
    2    1
 -0.08282195  -0.05954862    -0.04532173  -0.04277114     0.04532173   0.04277114
 -0.04532173  -0.04277114    -0.06344894  -0.06164213    -0.14279666   0.04316673
  0.04532173   0.04277114    -0.14279666   0.04316673    -0.06344894  -0.06164213
    2    2
  0.30511199  -0.00000000    -0.00638681  -0.00934710     0.00638681   0.00934710
 -0.00638681   0.00934710     0.25356015  -0.00000000    -0.00655094   0.00000000
  0.00638681  -0.00934710    -0.00655094   0.00000000     0.25356015  -0.00000000

     Dynamical  Matrix in cartesian axes

     q = (   -0.750000000   0.750000000  -0.250000000 ) 

    1    1
  0.25356015   0.00000000    -0.00655094  -0.00000000     0.00638681   0.00934710
 -0.00655094  -0.00000000     0.25356015   0.00000000    -0.00638681  -0.00934710
  0.00638681  -0.00934710    -0.00638681   0.00934710     0.30511199   0.00000000
    1    2
 -0.06344894   0.06164213    -0.14279666  -0.04316673     0.04532173  -0.04277114
 -0.14279666  -0.04316673    -0.06344894   0.06164213    -0.04532173   0.04277114
  0.04532173  -0.04277114    -0.04532173   0.04277114    -0.08282195   0.05954862
    2    1
 -0.06344894  -0.06164213    -0.14279666   0.04316673     0.04532173   0.04277114
 -0.14279666   0.04316673    -0.06344894  -0.06164213    -0.04532173  -0.04277114
  0.04532173   0.04277114    -0.04532173  -0.04277114    -0.08282195  -0.05954862
    2    2
  0.25356015  -0.00000000    -0.00655094   0.00000000     0.00638681  -0.00934710
 -0.00655094   0.00000000     0.25356015  -0.00000000    -0.00638681   0.00934710
  0.00638681   0.00934710    -0.00638681  -0.00934710     0.30511199  -0.00000000

     Dynamical  Matrix in cartesian axes

     q = (    0.750000000   0.250000000   0.750000000 ) 

    1    1
  0.25356015  -0.00000000     0.00638681   0.00934710     0.00655094  -0.00000000
  0.00638681  -0.00934710     0.30511199  -0.00000000     0.00638681  -0.00934710
  0.00655094  -0.00000000     0.00638681   0.00934710     0.25356015  -0.00000000
    1    2
  0.06344894  -0.06164213    -0.04532173   0.04277114    -0.14279666  -0.04316673
 -0.04532173   0.04277114     0.08282195  -0.05954862    -0.04532173   0.04277114
 -0.14279666  -0.04316673    -0.04532173   0.04277114     0.06344894  -0.06164213
    2    1
  0.06344894   0.06164213    -0.04532173  -0.04277114    -0.14279666   0.04316673
 -0.04532173  -0.04277114     0.08282195   0.05954862    -0.04532173  -0.04277114
 -0.14279666   0.04316673    -0.04532173  -0.04277114     0.06344894   0.06164213
    2    2
  0.25356015   0.00000000     0.00638681  -0.00934710     0.00655094   0.00000000
  0.00638681   0.00934710     0.30511199   0.00000000     0.00638681   0.00934710
  0.00655094   0.00000000     0.00638681  -0.00934710     0.25356015   0.00000000

     Dynamical  Matrix in cartesian axes

     q = (   -0.750000000   0.250000000   0.750000000 ) 

    1    1
  0.25356015   0.00000000    -0.00638681   0.00934710    -0.00655094   0.00000000
 -0.00638681  -0.00934710     0.30511199  -0.00000000     0.00638681   0.00934710
 -0.00655094   0.00000000     0.00638681  -0.00934710     0.25356015   0.00000000
    1    2
 -0.06344894  -0.06164213    -0.04532173  -0.04277114    -0.14279666   0.04316673
 -0.04532173  -0.04277114    -0.08282195  -0.05954862     0.04532173   0.04277114
 -0.14279666   0.04316673     0.04532173   0.04277114    -0.06344894  -0.06164213
    2    1
 -0.06344894   0.06164213    -0.04532173   0.04277114    -0.14279666  -0.04316673
 -0.04532173   0.04277114    -0.08282195   0.05954862     0.04532173  -0.04277114
 -0.14279666  -0.04316673     0.04532173  -0.04277114    -0.06344894   0.06164213
    2    2
  0.25356015   0.00000000    -0.00638681  -0.00934710    -0.00655094   0.00000000
 -0.00638681   0.00934710     0.30511199   0.00000000     0.00638681  -0.00934710
 -0.00655094   0.00000000     0.00638681   0.00934710     0.25356015   0.00000000

     Dynamical  Matrix in cartesian axes

     q = (    0.750000000   0.250000000  -0.750000000 ) 

    1    1
  0.25356015   0.00000000     0.00638681  -0.00934710    -0.00655094   0.00000000
  0.00638681   0.00934710     0.30511199   0.00000000    -0.00638681  -0.00934710
 -0.00655094   0.00000000    -0.00638681   0.00934710     0.25356015   0.00000000
    1    2
 -0.06344894  -0.06164213     0.04532173   0.04277114    -0.14279666   0.04316673
  0.04532173   0.04277114    -0.08282195  -0.05954862    -0.04532173  -0.04277114
 -0.14279666   0.04316673    -0.04532173  -0.04277114    -0.06344894  -0.06164213
    2    1
 -0.06344894   0.06164213     0.04532173  -0.04277114    -0.14279666  -0.04316673
  0.04532173  -0.04277114    -0.08282195   0.05954862    -0.04532173   0.04277114
 -0.14279666  -0.04316673    -0.04532173   0.04277114    -0.06344894   0.06164213
    2    2
  0.25356015   0.00000000     0.00638681   0.00934710    -0.00655094   0.00000000
  0.00638681  -0.00934710     0.30511199  -0.00000000    -0.00638681   0.00934710
 -0.00655094   0.00000000    -0.00638681  -0.00934710     0.25356015   0.00000000

     Dynamical  Matrix in cartesian axes

     q = (   -0.750000000   0.750000000   0.250000000 ) 

    1    1
  0.25356015  -0.00000000    -0.00655094   0.00000000    -0.00638681   0.00934710
 -0.00655094   0.00000000     0.25356015  -0.00000000     0.00638681  -0.00934710
 -0.00638681  -0.00934710     0.00638681   0.00934710     0.30511199  -0.00000000
    1    2
 -0.06344894  -0.06164213    -0.14279666   0.04316673    -0.04532173  -0.04277114
 -0.14279666   0.04316673    -0.06344894  -0.06164213     0.04532173   0.04277114
 -0.04532173  -0.04277114     0.04532173   0.04277114    -0.08282195  -0.05954862
    2    1
 -0.06344894   0.06164213    -0.14279666  -0.04316673    -0.04532173   0.04277114
 -0.14279666  -0.04316673    -0.06344894   0.06164213     0.04532173  -0.04277114
 -0.04532173   0.04277114     0.04532173  -0.04277114    -0.08282195   0.05954862
    2    2
  0.25356015   0.00000000    -0.00655094  -0.00000000    -0.00638681  -0.00934710
 -0.00655094  -0.00000000     0.25356015   0.00000000     0.00638681   0.00934710
 -0.00638681   0.00934710     0.00638681  -0.00934710     0.30511199   0.00000000

     Dynamical  Matrix in cartesian axes

     q = (   -0.250000000   0.750000000   0.750000000 ) 

    1    1
  0.30511199  -0.00000000    -0.00638681  -0.00934710    -0.00638681  -0.00934710
 -0.00638681   0.00934710     0.25356015  -0.00000000     0.00655094   0.00000000
 -0.00638681   0.00934710     0.00655094   0.00000000     0.25356015  -0.00000000
    1    2
 -0.05954862   0.08282195    -0.04277114   0.04532173    -0.04277114   0.04532173
 -0.04277114   0.04532173    -0.06164213   0.06344894    -0.04316673  -0.14279666
 -0.04277114   0.04532173    -0.04316673  -0.14279666    -0.06164213   0.06344894
    2    1
 -0.05954862  -0.08282195    -0.04277114  -0.04532173    -0.04277114  -0.04532173
 -0.04277114  -0.04532173    -0.06164213  -0.06344894    -0.04316673   0.14279666
 -0.04277114  -0.04532173    -0.04316673   0.14279666    -0.06164213  -0.06344894
    2    2
  0.30511199   0.00000000    -0.00638681   0.00934710    -0.00638681   0.00934710
 -0.00638681  -0.00934710     0.25356015   0.00000000     0.00655094  -0.00000000
 -0.00638681  -0.00934710     0.00655094  -0.00000000     0.25356015   0.00000000

     Dynamical  Matrix in cartesian axes

     q = (    0.250000000   0.750000000  -0.750000000 ) 

    1    1
  0.30511199   0.00000000     0.00638681   0.00934710    -0.00638681  -0.00934710
  0.00638681  -0.00934710     0.25356015   0.00000000    -0.00655094  -0.00000000
 -0.00638681   0.00934710    -0.00655094  -0.00000000     0.25356015   0.00000000
    1    2
 -0.08282195  -0.05954862     0.04532173   0.04277114    -0.04532173  -0.04277114
  0.04532173   0.04277114    -0.06344894  -0.06164213    -0.14279666   0.04316673
 -0.04532173  -0.04277114    -0.14279666   0.04316673    -0.06344894  -0.06164213
    2    1
 -0.08282195   0.05954862     0.04532173  -0.04277114    -0.04532173   0.04277114
  0.04532173  -0.04277114    -0.06344894   0.06164213    -0.14279666  -0.04316673
 -0.04532173   0.04277114    -0.14279666  -0.04316673    -0.06344894   0.06164213
    2    2
  0.30511199  -0.00000000     0.00638681  -0.00934710    -0.00638681   0.00934710
  0.00638681   0.00934710     0.25356015  -0.00000000    -0.00655094   0.00000000
 -0.00638681  -0.00934710    -0.00655094   0.00000000     0.25356015  -0.00000000

     Dynamical  Matrix in cartesian axes

     q = (   -0.250000000  -0.750000000  -0.750000000 ) 

    1    1
  0.30511199   0.00000000     0.00638681   0.00934710     0.00638681   0.00934710
  0.00638681  -0.00934710     0.25356015   0.00000000     0.00655094  -0.00000000
  0.00638681  -0.00934710     0.00655094  -0.00000000     0.25356015   0.00000000
    1    2
  0.08282195   0.05954862    -0.04532173  -0.04277114    -0.04532173  -0.04277114
 -0.04532173  -0.04277114     0.06344894   0.06164213    -0.14279666   0.04316673
 -0.04532173  -0.04277114    -0.14279666   0.04316673     0.06344894   0.06164213
    2    1
  0.08282195  -0.05954862    -0.04532173   0.04277114    -0.04532173   0.04277114
 -0.04532173   0.04277114     0.06344894  -0.06164213    -0.14279666  -0.04316673
 -0.04532173   0.04277114    -0.14279666  -0.04316673     0.06344894  -0.06164213
    2    2
  0.30511199  -0.00000000     0.00638681  -0.00934710     0.00638681  -0.00934710
  0.00638681   0.00934710     0.25356015  -0.00000000     0.00655094   0.00000000
  0.00638681   0.00934710     0.00655094   0.00000000     0.25356015  -0.00000000

     Dynamical  Matrix in cartesian axes

     q = (    0.750000000   0.750000000  -0.250000000 ) 

    1    1
  0.25356015   0.00000000     0.00655094   0.00000000    -0.00638681   0.00934710
  0.00655094   0.00000000     0.25356015   0.00000000    -0.00638681   0.00934710
 -0.00638681  -0.00934710    -0.00638681  -0.00934710     0.30511199   0.00000000
    1    2
 -0.06164213   0.06344894    -0.04316673  -0.14279666    -0.04277114   0.04532173
 -0.04316673  -0.14279666    -0.06164213   0.06344894    -0.04277114   0.04532173
 -0.04277114   0.04532173    -0.04277114   0.04532173    -0.05954862   0.08282195
    2    1
 -0.06164213  -0.06344894    -0.04316673   0.14279666    -0.04277114  -0.04532173
 -0.04316673   0.14279666    -0.06164213  -0.06344894    -0.04277114  -0.04532173
 -0.04277114  -0.04532173    -0.04277114  -0.04532173    -0.05954862  -0.08282195
    2    2
  0.25356015  -0.00000000     0.00655094  -0.00000000    -0.00638681  -0.00934710
  0.00655094  -0.00000000     0.25356015  -0.00000000    -0.00638681  -0.00934710
 -0.00638681   0.00934710    -0.00638681   0.00934710     0.30511199  -0.00000000

     Dynamical  Matrix in cartesian axes

     q = (    0.750000000  -0.750000000   0.250000000 ) 

    1    1
  0.25356015  -0.00000000    -0.00655094   0.00000000     0.00638681  -0.00934710
 -0.00655094   0.00000000     0.25356015  -0.00000000    -0.00638681   0.00934710
  0.00638681   0.00934710    -0.00638681  -0.00934710     0.30511199  -0.00000000
    1    2
 -0.06344894  -0.06164213    -0.14279666   0.04316673     0.04532173   0.04277114
 -0.14279666   0.04316673    -0.06344894  -0.06164213    -0.04532173  -0.04277114
  0.04532173   0.04277114    -0.04532173  -0.04277114    -0.08282195  -0.05954862
    2    1
 -0.06344894   0.06164213    -0.14279666  -0.04316673     0.04532173  -0.04277114
 -0.14279666  -0.04316673    -0.06344894   0.06164213    -0.04532173   0.04277114
  0.04532173  -0.04277114    -0.04532173   0.04277114    -0.08282195   0.05954862
    2    2
  0.25356015   0.00000000    -0.00655094  -0.00000000     0.00638681   0.00934710
 -0.00655094  -0.00000000     0.25356015   0.00000000    -0.00638681  -0.00934710
  0.00638681  -0.00934710    -0.00638681   0.00934710     0.30511199   0.00000000

     Dynamical  Matrix in cartesian axes

     q = (   -0.750000000  -0.750000000  -0.250000000 ) 

    1    1
  0.25356015  -0.00000000     0.00655094  -0.00000000     0.00638681  -0.00934710
  0.00655094  -0.00000000     0.25356015  -0.00000000     0.00638681  -0.00934710
  0.00638681   0.00934710     0.00638681   0.00934710     0.30511199  -0.00000000
    1    2
  0.06344894   0.06164213    -0.14279666   0.04316673    -0.04532173  -0.04277114
 -0.14279666   0.04316673     0.06344894   0.06164213    -0.04532173  -0.04277114
 -0.04532173  -0.04277114    -0.04532173  -0.04277114     0.08282195   0.05954862
    2    1
  0.06344894  -0.06164213    -0.14279666  -0.04316673    -0.04532173   0.04277114
 -0.14279666  -0.04316673     0.06344894  -0.06164213    -0.04532173   0.04277114
 -0.04532173   0.04277114    -0.04532173   0.04277114     0.08282195  -0.05954862
    2    2
  0.25356015   0.00000000     0.00655094   0.00000000     0.00638681   0.00934710
  0.00655094   0.00000000     0.25356015   0.00000000     0.00638681   0.00934710
  0.00638681  -0.00934710     0.00638681  -0.00934710     0.30511199   0.00000000

     Dynamical  Matrix in cartesian axes

     q = (    0.250000000  -0.750000000   0.750000000 ) 

    1    1
  0.30511199  -0.00000000    -0.00638681  -0.00934710     0.00638681   0.00934710
 -0.00638681   0.00934710     0.25356015  -0.00000000    -0.00655094   0.00000000
  0.00638681  -0.00934710    -0.00655094   0.00000000     0.25356015  -0.00000000
    1    2
 -0.08282195  -0.05954862    -0.04532173  -0.04277114     0.04532173   0.04277114
 -0.04532173  -0.04277114    -0.06344894  -0.06164213    -0.14279666   0.04316673
  0.04532173   0.04277114    -0.14279666   0.04316673    -0.06344894  -0.06164213
    2    1
 -0.08282195   0.05954862    -0.04532173   0.04277114     0.04532173  -0.04277114
 -0.04532173   0.04277114    -0.06344894   0.06164213    -0.14279666  -0.04316673
  0.04532173  -0.04277114    -0.14279666  -0.04316673    -0.06344894   0.06164213
    2    2
  0.30511199   0.00000000    -0.00638681   0.00934710     0.00638681  -0.00934710
 -0.00638681  -0.00934710     0.25356015   0.00000000    -0.00655094  -0.00000000
  0.00638681   0.00934710    -0.00655094  -0.00000000     0.25356015   0.00000000

     Dynamical  Matrix in cartesian axes

     q = (   -0.750000000  -0.750000000   0.250000000 ) 

    1    1
  0.25356015  -0.00000000     0.00655094  -0.00000000    -0.00638681  -0.00934710
  0.00655094  -0.00000000     0.25356015  -0.00000000    -0.00638681  -0.00934710
 -0.00638681   0.00934710    -0.00638681   0.00934710     0.30511199  -0.00000000
    1    2
 -0.06164213  -0.06344894    -0.04316673   0.14279666    -0.04277114  -0.04532173
 -0.04316673   0.14279666    -0.06164213  -0.06344894    -0.04277114  -0.04532173
 -0.04277114  -0.04532173    -0.04277114  -0.04532173    -0.05954862  -0.08282195
    2    1
 -0.06164213   0.06344894    -0.04316673  -0.14279666    -0.04277114   0.04532173
 -0.04316673  -0.14279666    -0.06164213   0.06344894    -0.04277114   0.04532173
 -0.04277114   0.04532173    -0.04277114   0.04532173    -0.05954862   0.08282195
    2    2
  0.25356015   0.00000000     0.00655094   0.00000000    -0.00638681   0.00934710
  0.00655094   0.00000000     0.25356015   0.00000000    -0.00638681   0.00934710
 -0.00638681  -0.00934710    -0.00638681  -0.00934710     0.30511199   0.00000000

     Dynamical  Matrix in cartesian axes

     q = (    0.250000000   0.750000000   0.750000000 ) 

    1    1
  0.30511199  -0.00000000     0.00638681  -0.00934710     0.00638681  -0.00934710
  0.00638681   0.00934710     0.25356015  -0.00000000     0.00655094   0.00000000
  0.00638681   0.00934710     0.00655094   0.00000000     0.25356015  -0.00000000
    1    2
  0.08282195  -0.05954862    -0.04532173   0.04277114    -0.04532173   0.04277114
 -0.04532173   0.04277114     0.06344894  -0.06164213    -0.14279666  -0.04316673
 -0.04532173   0.04277114    -0.14279666  -0.04316673     0.06344894  -0.06164213
    2    1
  0.08282195   0.05954862    -0.04532173  -0.04277114    -0.04532173  -0.04277114
 -0.04532173  -0.04277114     0.06344894   0.06164213    -0.14279666   0.04316673
 -0.04532173  -0.04277114    -0.14279666   0.04316673     0.06344894   0.06164213
    2    2
  0.30511199   0.00000000     0.00638681   0.00934710     0.00638681   0.00934710
  0.00638681  -0.00934710     0.25356015   0.00000000     0.00655094  -0.00000000
  0.00638681  -0.00934710     0.00655094  -0.00000000     0.25356015   0.00000000

     Dynamical  Matrix in cartesian axes

     q = (   -0.250000000  -0.750000000   0.750000000 ) 

    1    1
  0.30511199  -0.00000000     0.00638681  -0.00934710    -0.00638681   0.00934710
  0.00638681   0.00934710     0.25356015  -0.00000000    -0.00655094   0.00000000
 -0.00638681  -0.00934710    -0.00655094   0.00000000     0.25356015  -0.00000000
    1    2
 -0.08282195   0.05954862     0.04532173  -0.04277114    -0.04532173   0.04277114
  0.04532173  -0.04277114    -0.06344894   0.06164213    -0.14279666  -0.04316673
 -0.04532173   0.04277114    -0.14279666  -0.04316673    -0.06344894   0.06164213
    2    1
 -0.08282195  -0.05954862     0.04532173   0.04277114    -0.04532173  -0.04277114
  0.04532173   0.04277114    -0.06344894  -0.06164213    -0.14279666   0.04316673
 -0.04532173  -0.04277114    -0.14279666   0.04316673    -0.06344894  -0.06164213
    2    2
  0.30511199   0.00000000     0.00638681   0.00934710    -0.00638681  -0.00934710
  0.00638681  -0.00934710     0.25356015   0.00000000    -0.00655094  -0.00000000
 -0.00638681   0.00934710    -0.00655094  -0.00000000     0.25356015   0.00000000

     Dynamical  Matrix in cartesian axes

     q = (    0.750000000   0.750000000   0.250000000 ) 

    1    1
  0.25356015   0.00000000     0.00655094   0.00000000     0.00638681   0.00934710
  0.00655094   0.00000000     0.25356015   0.00000000     0.00638681   0.00934710
  0.00638681  -0.00934710     0.00638681  -0.00934710     0.30511199   0.00000000
    1    2
  0.06344894  -0.06164213    -0.14279666  -0.04316673    -0.04532173   0.04277114
 -0.14279666  -0.04316673     0.06344894  -0.06164213    -0.04532173   0.04277114
 -0.04532173   0.04277114    -0.04532173   0.04277114     0.08282195  -0.05954862
    2    1
  0.06344894   0.06164213    -0.14279666   0.04316673    -0.04532173  -0.04277114
 -0.14279666   0.04316673     0.06344894   0.06164213    -0.04532173  -0.04277114
 -0.04532173  -0.04277114    -0.04532173  -0.04277114     0.08282195   0.05954862
    2    2
  0.25356015  -0.00000000     0.00655094  -0.00000000     0.00638681  -0.00934710
  0.00655094  -0.00000000     0.25356015  -0.00000000     0.00638681  -0.00934710
  0.00638681   0.00934710     0.00638681   0.00934710     0.30511199  -0.00000000

     Dynamical  Matrix in cartesian axes

     q = (    0.250000000  -0.750000000  -0.750000000 ) 

    1    1
  0.30511199   0.00000000    -0.00638681   0.00934710    -0.00638681   0.00934710
 -0.00638681  -0.00934710     0.25356015   0.00000000     0.00655094  -0.00000000
 -0.00638681  -0.00934710     0.00655094  -0.00000000     0.25356015   0.00000000
    1    2
 -0.05954862  -0.08282195    -0.04277114  -0.04532173    -0.04277114  -0.04532173
 -0.04277114  -0.04532173    -0.06164213  -0.06344894    -0.04316673   0.14279666
 -0.04277114  -0.04532173    -0.04316673   0.14279666    -0.06164213  -0.06344894
    2    1
 -0.05954862   0.08282195    -0.04277114   0.04532173    -0.04277114   0.04532173
 -0.04277114   0.04532173    -0.06164213   0.06344894    -0.04316673  -0.14279666
 -0.04277114   0.04532173    -0.04316673  -0.14279666    -0.06164213   0.06344894
    2    2
  0.30511199  -0.00000000    -0.00638681  -0.00934710    -0.00638681  -0.00934710
 -0.00638681   0.00934710     0.25356015  -0.00000000     0.00655094   0.00000000
 -0.00638681   0.00934710     0.00655094   0.00000000     0.25356015  -0.00000000

     Dynamical  Matrix in cartesian axes

     q = (    0.750000000  -0.750000000  -0.250000000 ) 

    1    1
  0.25356015   0.00000000    -0.00655094  -0.00000000    -0.00638681  -0.00934710
 -0.00655094  -0.00000000     0.25356015   0.00000000     0.00638681   0.00934710
 -0.00638681   0.00934710     0.00638681  -0.00934710     0.30511199   0.00000000
    1    2
 -0.06344894   0.06164213    -0.14279666  -0.04316673    -0.04532173   0.04277114
 -0.14279666  -0.04316673    -0.06344894   0.06164213     0.04532173  -0.04277114
 -0.04532173   0.04277114     0.04532173  -0.04277114    -0.08282195   0.05954862
    2    1
 -0.06344894  -0.06164213    -0.14279666   0.04316673    -0.04532173  -0.04277114
 -0.14279666   0.04316673    -0.06344894  -0.06164213     0.04532173   0.04277114
 -0.04532173  -0.04277114     0.04532173   0.04277114    -0.08282195  -0.05954862
    2    2
  0.25356015  -0.00000000    -0.00655094   0.00000000    -0.00638681   0.00934710
 -0.00655094   0.00000000     0.25356015  -0.00000000     0.00638681  -0.00934710
 -0.00638681  -0.00934710     0.00638681   0.00934710     0.30511199  -0.00000000

     Diagonalizing the dynamical matrix

     q = (    0.750000000  -0.250000000   0.750000000 ) 

 **************************************************************************
     freq (    1) =       4.109233 [THz] =     137.069255 [cm-1]
 (  0.044611 -0.498006  0.000000  0.000000 -0.044611  0.498006 ) 
 (  0.500000  0.000000  0.000000  0.000000 -0.500000  0.000000 ) 
     freq (    2) =       5.948231 [THz] =     198.411615 [cm-1]
 ( -0.388727 -0.168162 -0.343673  0.152038 -0.388727 -0.168162 ) 
 ( -0.423541 -0.000000 -0.255058 -0.275992 -0.423541  0.000000 ) 
     freq (    3) =       9.435588 [THz] =     314.737327 [cm-1]
 (  0.122947 -0.286009  0.375941  0.405997  0.122947 -0.286009 ) 
 ( -0.311315  0.000000  0.224525  0.505721 -0.311315  0.000000 ) 
     freq (    4) =      12.247607 [THz] =     408.536192 [cm-1]
 (  0.066687  0.314067 -0.407735 -0.357185  0.066687  0.314067 ) 
 ( -0.321069  0.000000  0.434084  0.324655 -0.321069  0.000000 ) 
     freq (    5) =      13.855921 [THz] =     462.183781 [cm-1]
 (  0.044611 -0.498006 -0.000000 -0.000000 -0.044611  0.498006 ) 
 ( -0.500000  0.000000 -0.000000  0.000000  0.500000  0.000000 ) 
     freq (    6) =      14.266748 [THz] =     475.887501 [cm-1]
 ( -0.302211 -0.171111 -0.459080  0.219144 -0.302211 -0.171111 ) 
 (  0.347290 -0.000000  0.291518  0.416888  0.347290  0.000000 ) 
 **************************************************************************
