Dynamical matrix file
--                                                                         
  1    2   2  10.2000000   0.0000000   0.0000000   0.0000000   0.0000000   0.0000000
           1  'Si  '    25598.3672898282     
    1    1      0.0000000000      0.0000000000      0.0000000000
    2    1      0.2500000000      0.2500000000      0.2500000000

     Dynamical  Matrix in cartesian axes

     q = (   -0.250000000   0.250000000  -0.250000000 ) 

    1    1
  0.27762058  -0.00000000    -0.01145587   0.00000000     0.01145587  -0.00000000
 -0.01145587   0.00000000     0.27762058  -0.00000000    -0.01145587   0.00000000
  0.01145587  -0.00000000    -0.01145587   0.00000000     0.27762058  -0.00000000
    1    2
 -0.20539089  -0.05931379    -0.04120950   0.04142721     0.04120950  -0.04142721
 -0.04120950   0.04142721    -0.20539089  -0.05931379    -0.04120950   0.04142721
  0.04120950  -0.04142721    -0.04120950   0.04142721    -0.20539089  -0.05931379
    2    1
 -0.20539089   0.05931379    -0.04120950  -0.04142721     0.04120950   0.04142721
 -0.04120950  -0.04142721    -0.20539089   0.05931379    -0.04120950  -0.04142721
  0.04120950   0.04142721    -0.04120950  -0.04142721    -0.20539089   0.05931379
    2    2
  0.27762058   0.00000000    -0.01145587  -0.00000000     0.01145587   0.00000000
 -0.01145587  -0.00000000     0.27762058   0.00000000    -0.01145587  -0.00000000
  0.01145587   0.00000000    -0.01145587  -0.00000000     0.27762058   0.00000000

     Dynamical  Matrix in cartesian axes

     q = (    0.250000000  -0.250000000  -0.250000000 ) 

    1    1
  0.27762058  -0.00000000    -0.01145587   0.00000000    -0.01145587   0.00000000
 -0.01145587   0.00000000     0.27762058  -0.00000000     0.01145587  -0.00000000
 -0.01145587   0.00000000     0.01145587  -0.00000000     0.27762058  -0.00000000
    1    2
 -0.20539089  -0.05931379    -0.04120950   0.04142721    -0.04120950   0.04142721
 -0.04120950   0.04142721    -0.20539089  -0.05931379     0.04120950  -0.04142721
 -0.04120950   0.04142721     0.04120950  -0.04142721    -0.20539089  -0.05931379
    2    1
 -0.20539089   0.05931379    -0.04120950  -0.04142721    -0.04120950  -0.04142721
 -0.04120950  -0.04142721    -0.20539089   0.05931379     0.04120950   0.04142721
 -0.04120950  -0.04142721     0.04120950   0.04142721    -0.20539089   0.05931379
    2    2
  0.27762058   0.00000000    -0.01145587  -0.00000000    -0.01145587  -0.00000000
 -0.01145587  -0.00000000     0.27762058   0.00000000     0.01145587   0.00000000
 -0.01145587  -0.00000000     0.01145587   0.00000000     0.27762058   0.00000000

     Dynamical  Matrix in cartesian axes

     q = (    0.250000000  -0.250000000   0.250000000 ) 

    1    1
  0.27762058   0.00000000    -0.01145587  -0.00000000     0.01145587   0.00000000
 -0.01145587  -0.00000000     0.27762058   0.00000000    -0.01145587  -0.00000000
  0.01145587   0.00000000    -0.01145587  -0.00000000     0.27762058   0.00000000
    1    2
 -0.20539089   0.05931379    -0.04120950  -0.04142721     0.04120950   0.04142721
 -0.04120950  -0.04142721    -0.20539089   0.05931379    -0.04120950  -0.04142721
  0.04120950   0.04142721    -0.04120950  -0.04142721    -0.20539089   0.05931379
    2    1
 -0.20539089  -0.05931379    -0.04120950   0.04142721     0.04120950  -0.04142721
 -0.04120950   0.04142721    -0.20539089  -0.05931379    -0.04120950   0.04142721
  0.04120950  -0.04142721    -0.04120950   0.04142721    -0.20539089  -0.05931379
    2    2
  0.27762058  -0.00000000    -0.01145587   0.00000000     0.01145587  -0.00000000
 -0.01145587   0.00000000     0.27762058  -0.00000000    -0.01145587   0.00000000
  0.01145587  -0.00000000    -0.01145587   0.00000000     0.27762058  -0.00000000

     Dynamical  Matrix in cartesian axes

     q = (    0.250000000   0.250000000   0.250000000 ) 

    1    1
  0.27762058  -0.00000000     0.01145587  -0.00000000     0.01145587  -0.00000000
  0.01145587  -0.00000000     0.27762058  -0.00000000     0.01145587  -0.00000000
  0.01145587  -0.00000000     0.01145587  -0.00000000     0.27762058  -0.00000000
    1    2
 -0.05931379   0.20539089    -0.04142721  -0.04120950    -0.04142721  -0.04120950
 -0.04142721  -0.04120950    -0.05931379   0.20539089    -0.04142721  -0.04120950
 -0.04142721  -0.04120950    -0.04142721  -0.04120950    -0.05931379   0.20539089
    2    1
 -0.05931379  -0.20539089    -0.04142721   0.04120950    -0.04142721   0.04120950
 -0.04142721   0.04120950    -0.05931379  -0.20539089    -0.04142721   0.04120950
 -0.04142721   0.04120950    -0.04142721   0.04120950    -0.05931379  -0.20539089
    2    2
  0.27762058   0.00000000     0.01145587   0.00000000     0.01145587   0.00000000
  0.01145587   0.00000000     0.27762058   0.00000000     0.01145587   0.00000000
  0.01145587   0.00000000     0.01145587   0.00000000     0.27762058   0.00000000

     Dynamical  Matrix in cartesian axes

     q = (   -0.250000000  -0.250000000  -0.250000000 ) 

    1    1
  0.27762058   0.00000000     0.01145587   0.00000000     0.01145587   0.00000000
  0.01145587   0.00000000     0.27762058   0.00000000     0.01145587   0.00000000
  0.01145587   0.00000000     0.01145587   0.00000000     0.27762058   0.00000000
    1    2
 -0.05931379  -0.20539089    -0.04142721   0.04120950    -0.04142721   0.04120950
 -0.04142721   0.04120950    -0.05931379  -0.20539089    -0.04142721   0.04120950
 -0.04142721   0.04120950    -0.04142721   0.04120950    -0.05931379  -0.20539089
    2    1
 -0.05931379   0.20539089    -0.04142721  -0.04120950    -0.04142721  -0.04120950
 -0.04142721  -0.04120950    -0.05931379   0.20539089    -0.04142721  -0.04120950
 -0.04142721  -0.04120950    -0.04142721  -0.04120950    -0.05931379   0.20539089
    2    2
  0.27762058  -0.00000000     0.01145587  -0.00000000     0.01145587  -0.00000000
  0.01145587  -0.00000000     0.27762058  -0.00000000     0.01145587  -0.00000000
  0.01145587  -0.00000000     0.01145587  -0.00000000     0.27762058  -0.00000000

     Dynamical  Matrix in cartesian axes

     q = (   -0.250000000  -0.250000000   0.250000000 ) 

    1    1
  0.27762058  -0.00000000     0.01145587  -0.00000000    -0.01145587   0.00000000
  0.01145587  -0.00000000     0.27762058  -0.00000000    -0.01145587   0.00000000
 -0.01145587   0.00000000    -0.01145587   0.00000000     0.27762058  -0.00000000
    1    2
 -0.20539089  -0.05931379     0.04120950  -0.04142721    -0.04120950   0.04142721
  0.04120950  -0.04142721    -0.20539089  -0.05931379    -0.04120950   0.04142721
 -0.04120950   0.04142721    -0.04120950   0.04142721    -0.20539089  -0.05931379
    2    1
 -0.20539089   0.05931379     0.04120950   0.04142721    -0.04120950  -0.04142721
  0.04120950   0.04142721    -0.20539089   0.05931379    -0.04120950  -0.04142721
 -0.04120950  -0.04142721    -0.04120950  -0.04142721    -0.20539089   0.05931379
    2    2
  0.27762058   0.00000000     0.01145587   0.00000000    -0.01145587  -0.00000000
  0.01145587   0.00000000     0.27762058   0.00000000    -0.01145587  -0.00000000
 -0.01145587  -0.00000000    -0.01145587  -0.00000000     0.27762058   0.00000000

     Dynamical  Matrix in cartesian axes

     q = (   -0.250000000   0.250000000   0.250000000 ) 

    1    1
  0.27762058   0.00000000    -0.01145587  -0.00000000    -0.01145587  -0.00000000
 -0.01145587  -0.00000000     0.27762058   0.00000000     0.01145587   0.00000000
 -0.01145587  -0.00000000     0.01145587   0.00000000     0.27762058   0.00000000
    1    2
 -0.20539089   0.05931379    -0.04120950  -0.04142721    -0.04120950  -0.04142721
 -0.04120950  -0.04142721    -0.20539089   0.05931379     0.04120950   0.04142721
 -0.04120950  -0.04142721     0.04120950   0.04142721    -0.20539089   0.05931379
    2    1
 -0.20539089  -0.05931379    -0.04120950   0.04142721    -0.04120950   0.04142721
 -0.04120950   0.04142721    -0.20539089  -0.05931379     0.04120950  -0.04142721
 -0.04120950   0.04142721     0.04120950  -0.04142721    -0.20539089  -0.05931379
    2    2
  0.27762058  -0.00000000    -0.01145587   0.00000000    -0.01145587   0.00000000
 -0.01145587   0.00000000     0.27762058  -0.00000000     0.01145587  -0.00000000
 -0.01145587   0.00000000     0.01145587  -0.00000000     0.27762058  -0.00000000

     Dynamical  Matrix in cartesian axes

     q = (    0.250000000   0.250000000  -0.250000000 ) 

    1    1
  0.27762058   0.00000000     0.01145587   0.00000000    -0.01145587  -0.00000000
  0.01145587   0.00000000     0.27762058   0.00000000    -0.01145587  -0.00000000
 -0.01145587  -0.00000000    -0.01145587  -0.00000000     0.27762058   0.00000000
    1    2
 -0.20539089   0.05931379     0.04120950   0.04142721    -0.04120950  -0.04142721
  0.04120950   0.04142721    -0.20539089   0.05931379    -0.04120950  -0.04142721
 -0.04120950  -0.04142721    -0.04120950  -0.04142721    -0.20539089   0.05931379
    2    1
 -0.20539089  -0.05931379     0.04120950  -0.04142721    -0.04120950   0.04142721
  0.04120950  -0.04142721    -0.20539089  -0.05931379    -0.04120950   0.04142721
 -0.04120950   0.04142721    -0.04120950   0.04142721    -0.20539089  -0.05931379
    2    2
  0.27762058  -0.00000000     0.01145587  -0.00000000    -0.01145587   0.00000000
  0.01145587  -0.00000000     0.27762058  -0.00000000    -0.01145587   0.00000000
 -0.01145587   0.00000000    -0.01145587   0.00000000     0.27762058  -0.00000000

     Diagonalizing the dynamical matrix

     q = (   -0.250000000   0.250000000  -0.250000000 ) 

 **************************************************************************
     freq (    1) =       2.828065 [THz] =      94.334084 [cm-1]
 (  0.493416  0.236136  0.364065  0.226754 -0.129351 -0.009382 ) 
 (  0.509206  0.199822  0.379515  0.199822 -0.129691  0.000000 ) 
     freq (    2) =       2.828065 [THz] =      94.334084 [cm-1]
 (  0.181726 -0.033003 -0.379395 -0.073703 -0.561121 -0.040700 ) 
 (  0.178863 -0.046063 -0.383733 -0.046063 -0.562595  0.000000 ) 
     freq (    3) =       6.898576 [THz] =     230.111716 [cm-1]
 (  0.267076  0.308767 -0.267076 -0.308767  0.267076  0.308767 ) 
 (  0.408248 -0.000000 -0.408248  0.000000  0.408248  0.000000 ) 
     freq (    4) =      14.371550 [THz] =     479.383291 [cm-1]
 (  0.267076  0.308767 -0.267076 -0.308767  0.267076  0.308767 ) 
 ( -0.408248 -0.000000  0.408248  0.000000 -0.408248  0.000000 ) 
     freq (    5) =      14.733377 [THz] =     491.452560 [cm-1]
 (  0.382738  0.046392 -0.180394  0.005547 -0.563132 -0.040845 ) 
 ( -0.385091 -0.018582  0.179520 -0.018582  0.564612  0.000000 ) 
     freq (    6) =      14.733377 [THz] =     491.452560 [cm-1]
 ( -0.413467 -0.117207 -0.533762 -0.125933 -0.120295 -0.008725 ) 
 (  0.420863  0.086989  0.541473  0.086989  0.120611  0.000000 ) 
 **************************************************************************
